1289
570
964
403
487
1629
4558
1650
468
138
535
1898
570
775
4032
1277
77
4249
370
774
297
712
65
83
45
46
15
400
26
264
111
108
119
248
135
270
94
15
15
238
195
102
106
78
26
15
75
142
70
8
106
26
107
80
120
117
68
225
307
17
216
66
15
155
75
15
68
1877
25
0
28
88
182
116
23
23
153
245
546
288
53
307
39
55
20
29
255
21
23
23
189
223
114
241
444
210
129
23
56
412
7
653
21
106
61
80
59
13
8
23
28
445
73
67
12
15
9
10
571
1110
571
863
451
40
1701
232
836
1597
4522
723
451
4309
10
21
10
10
21
21
20
21
21
20
21
21
21
10
2455
296
1458
1135
425
